::::::::: 1 :::::::::											
Position (X)	 Position (Y)	 Position (Z)	 Rotation (X)	 Rotation (Y)	 Rotation (Z)	 Ang Veloc (X)	 Ang Veloc (Y)	 Ang Veloc (Z)	 Velocity (X)	 Velocity (Y)	 Velocity (Z)
-0.2151887	0.01359856	0.01754427	297.4597	20.65365	340.4203	0.2233716	0.0270977	-0.06060519	0.006221571	-0.01296043	0.01865125
-0.2152127	0.01342285	0.01766574	297.6283	20.56674	340.5276	0.2365875	0.02685391	-0.05460697	0.004667161	-0.01247217	0.01755826
-0.2154184	0.01347291	0.01765084	297.6113	20.51285	340.6146	0.1749434	0.02582697	-0.01589913	0.001109641	-0.007737015	0.01261571
-0.2154066	0.0133754	0.01759458	297.6378	20.47322	340.6753	0.1415388	0.02306039	-0.008262477	0.001035461	-0.006116316	0.009801714
-0.2153717	0.01343393	0.01761866	297.6216	20.42637	340.7292	0.09965697	0.01915229	0.004648934	0.00128637	-0.003398273	0.007534542
-0.215441	0.01344621	0.01762152	297.6185	20.42707	340.7268	0.07087534	0.01130767	0.01109658	0.00099326	-0.001899612	0.005915801
-0.2153918	0.01336217	0.01771188	297.6042	20.43676	340.7259	0.04151071	0.01062967	0.00800361	0.001885933	-0.001279364	0.005454157
-0.2153747	0.0133791	0.01774716	297.581	20.41988	340.7391	0.01960948	0.007511036	0.009757851	0.001912427	-0.000162279	0.005068218
-0.2152579	0.01334047	0.01772225	297.5657	20.47018	340.7044	0.004252607	0.01075504	0.01582522	0.002609605	0.000135483	0.004312506
-0.215255	0.01327419	0.01790857	297.572	20.41926	340.7689	0.005276855	0.009209611	0.01865305	0.00203407	6.18E-05	0.005571133
-0.2152677	0.01329863	0.01794076	297.5508	20.3982	340.7946	-0.004372231	0.009145096	0.01968889	0.001487679	0.00115775	0.005270501
-0.2154668	0.01336789	0.01800036	297.5387	20.40293	340.8001	-0.007392521	0.009615215	0.02223364	8.22E-05	0.002481439	0.005383083
-0.2154428	0.01328242	0.01784706	297.5189	20.40929	340.8004	-0.0102291	0.00843915	0.01335203	0.0004903	0.00225369	0.003389017
-0.2155335	0.0131886	0.01776159	297.4977	20.39511	340.806	-0.01539579	0.003813472	0.009875264	-0.000267052	0.001786732	0.002304095
-0.2157555	0.01329243	0.01777518	297.4683	20.44097	340.7489	-0.02719801	-0.001793078	0.005819116	-0.001835912	0.003707608	0.001940005
-0.2157671	0.01336014	0.01751518	297.4251	20.4391	340.7483	-0.03491039	-0.003108484	0.006285925	-0.001642352	0.004870251	-0.000472134
-0.2158091	0.01349044	0.0174545	297.3794	20.44015	340.7308	-0.04627547	-0.007748502	0.007459376	-0.002030581	0.007098294	-0.001594538
-0.2156516	0.01362705	0.01732743	297.3179	20.58328	340.5839	-0.0689541	-0.005114728	0.000132818	8.73E-05	0.01007347	-0.002999017
-0.2156324	0.01385736	0.01696575	297.2063	20.74486	340.4241	-0.1076237	0.00290021	-0.01773443	0.000301703	0.01607939	-0.008124207
-0.2156073	0.01433313	0.01680183	297.0546	20.94871	340.2067	-0.1559638	0.009447923	-0.03172641	0.000568965	0.02333383	-0.01021219
-0.2155307	0.01547515	0.01616049	297.0211	21.72174	339.4141	-0.1863561	0.03121637	-0.1481034	0.00227419	0.04657846	-0.0222358
-0.2154073	0.0176599	0.01493549	296.5195	23.08728	338.0083	-0.4410977	0.06796791	-0.2859506	0.004782256	0.08934981	-0.04657024
-0.21545	0.02147031	0.0127219	295.0302	25.6203	335.3458	-1.120114	0.1087959	-0.4040898	0.003329387	0.163827	-0.08945698
-0.2151767	0.02682042	0.01006317	292.6649	31.09978	329.7423	-2.203914	0.2246686	-0.6603039	0.01231311	0.2550019	-0.1318765
-0.2153456	0.03174472	0.008335352	290.5525	35.3593	325.047	-2.823757	0.1160994	-0.6289977	0.003663846	0.3154673	-0.1418448
-0.2172933	0.04000771	0.005550385	288.3611	36.0867	323.7207	-2.921818	-0.1384181	-0.07654939	-0.04523063	0.4361047	-0.1691338
-0.2177535	0.04620349	0.00214231	285.5094	35.14286	324.9425	-3.040323	-0.066767	0.7381012	-0.04502168	0.4686613	-0.2044859
-0.2179979	0.05136168	-0.000302553	283.2522	43.02694	317.1345	-3.440279	0.09048726	0.5521586	-0.03639568	0.4772688	-0.2177279
-0.2181902	0.05620384	-0.002966881	282.9594	48.97017	310.7697	-3.070484	-0.003427497	0.1056149	-0.03220614	0.4660709	-0.2233687
-0.2183676	0.0599798	-0.00548315	281.808	52.1214	307.726	-2.776124	0.06647908	0.2592129	-0.03003316	0.4324557	-0.2237755
-0.2185898	0.06350255	-0.00758636	280.8093	55.99042	304.1111	-2.491545	0.1737168	0.3445826	-0.02645552	0.3935789	-0.2120117
-0.2184973	0.06680703	-0.009185433	280.2008	59.62128	300.5666	-2.200114	0.1910607	0.3376033	-0.02118391	0.3616641	-0.1979115
-0.2188372	0.0690583	-0.0104214	280.2179	61.71776	298.5899	-1.741639	0.2076575	0.166934	-0.02049979	0.3190399	-0.1758168
-0.2193465	0.07313144	-0.0130707	279.6866	66.73146	293.5722	-1.655368	0.1820948	0.1482609	-0.0258854	0.3108834	-0.1781599
-0.2196203	0.07575572	-0.0143435	279.2932	71.08991	289.213	-1.549728	0.1523035	0.1589802	-0.02893883	0.2847556	-0.1642074
-0.2202468	0.07700014	-0.01540232	278.8913	72.65189	287.6132	-1.290754	0.1108094	0.2385316	-0.03442392	0.2362498	-0.1448226
-0.2206142	0.07980084	-0.01742637	279.0013	73.88325	286.3545	-0.9769032	0.07051973	0.09439668	-0.03227171	0.2179852	-0.1356983
-0.2208348	0.08193028	-0.01855016	278.9713	76.88195	283.2208	-0.9130006	0.01189365	0.03534516	-0.03066639	0.2079083	-0.128235
-0.2215218	0.08336842	-0.01933753	278.5364	81.71887	278.3646	-0.9899328	0.0292753	0.1325516	-0.03378499	0.1851049	-0.1139441
-0.2216253	0.08489347	-0.02076864	278.5524	82.74954	277.3737	-0.7809498	0.03582703	0.07149677	-0.02636369	0.1630104	-0.1049415
-0.2216785	0.08615923	-0.02160299	278.7031	84.52801	275.5211	-0.6836643	0.007658952	-0.01344149	-0.02107638	0.1482724	-0.09784363
-0.2216529	0.08711147	-0.02221429	278.3869	88.01693	272.1031	-0.7102333	0.0557583	0.09692099	-0.01335585	0.1295125	-0.0866966
-0.2213101	0.08795559	-0.02318943	278.504	89.07225	271.0998	-0.5740952	0.06566725	0.01233968	-0.000130153	0.1093624	-0.07788868
-0.2211203	0.08831441	-0.02381504	278.5837	90.57599	269.6218	-0.50852	0.06798553	-0.0274989	0.006679977	0.0907717	-0.06898977
-0.2207125	0.08790755	-0.02343976	278.5175	91.52594	268.7939	-0.4155323	0.101811	-0.0137584	0.01864747	0.05678418	-0.04332374
-0.2199604	0.08627713	-0.02286899	278.6089	89.20446	271.1976	-0.1507595	0.09765658	-0.04581901	0.03188739	0.00518225	-0.0106472
-0.2193473	0.08457911	-0.02185559	278.5861	86.76967	273.7108	0.04461342	0.09289633	-0.0189001	0.0385994	-0.03628599	0.01747559
-0.2186535	0.08160329	-0.01944911	278.6499	82.05929	278.5657	0.3343062	0.1044221	-0.02712008	0.04727254	-0.0984052	0.06921721
-0.2177804	0.07663035	-0.01663697	278.6264	74.58326	286.142	0.7072506	0.08365858	0.08764277	0.05515799	-0.1858894	0.1265839
-0.2171301	0.06905639	-0.01220322	278.6472	62.46269	298.3997	1.237312	0.06323729	0.335287	0.05720215	-0.3187067	0.2036529
-0.2164191	0.05988193	-0.006441832	279.2882	46.63964	314.6532	1.926199	0.1552389	0.6281788	0.06056822	-0.4581701	0.2902689
-0.2149356	0.0526886	-0.002216697	281.262	39.11026	322.7717	2.462467	0.2838936	0.3643308	0.0808401	-0.5063431	0.3312542
-0.2128843	0.05025935	0.000138283	286.1951	44.53852	316.8847	2.889092	-0.00569731	-1.521766	0.1106203	-0.4163168	0.2895522
-0.2129435	0.04925179	0.001297474	286.3619	48.00644	312.8831	1.85862	-0.1777682	-1.573821	0.07523763	-0.3187234	0.2253086
-0.2147138	0.04962957	-0.001884341	284.9778	46.40724	314.4736	1.111415	-0.1682354	-0.6112839	0.0103542	-0.2180542	0.1012118
-0.2160174	0.04633105	-0.002908111	284.6548	42.49528	318.285	0.9691591	-0.2032669	-0.08712366	-0.0164452	-0.2302842	0.05966495
-0.2153684	0.04079962	0.000594497	285.5398	40.7358	319.8743	1.060393	-0.2465609	-0.1177534	-0.007962618	-0.2707258	0.1005726
-0.2148439	0.03278863	0.005180836	287.3909	34.63505	326.2085	1.869831	-0.1852919	0.02673659	0.007421513	-0.3928213	0.1918807
-0.2140811	0.02718663	0.008393288	289.921	32.36155	328.6441	2.435477	-0.128725	-0.2920056	0.02286969	-0.4262484	0.2164171
-0.2132005	0.02202106	0.01057887	291.4818	30.18501	331.2486	2.584638	0.01736741	-0.2130464	0.03325379	-0.4421422	0.2172033
-0.2127238	0.01618612	0.0129987	292.9729	26.29828	335.6803	2.777262	0.1219343	0.1378412	0.03382705	-0.4650504	0.2186133
-0.2116038	0.01180863	0.01455808	295.7127	24.01904	338.8409	3.269595	0.3413301	0.0350395	0.05657805	-0.43576	0.1993079
-0.2114642	0.0125289	0.01491308	297.8942	28.12302	334.2571	2.869545	0.2007043	-1.112715	0.05185221	-0.3028242	0.1582695
-0.213595	0.0215826	0.009827495	297.4795	26.46541	335.3132	2.166568	-0.1295809	-0.5224129	-0.01811154	-0.01643703	-0.009391285
-0.2144892	0.01737618	0.007772207	291.3951	17.6635	344.2446	-0.08538372	-0.2822744	1.783554	-0.03304811	-0.1062939	-0.05322031
-0.2143393	0.01902711	0.01140988	295.4664	29.7127	332.357	0.7919714	0.1275705	-0.8140189	-0.02589353	-0.04469646	0.04442328
-0.2131601	0.01409268	0.0134021	295.7036	21.89753	340.127	1.035088	-0.1335623	0.4487745	0.00627135	-0.1125542	0.05428581
-0.2132231	0.01366305	0.01599061	296.5924	25.8139	336.5518	0.9206213	0.1228913	-0.2886242	0.002318231	-0.1011201	0.09672575
-0.2139906	0.01167774	0.01653218	297.9864	21.75879	340.6858	1.436198	-0.02336073	0.2420148	-0.01679249	-0.1150391	0.09059153
-0.2142405	0.01219392	0.01629162	298.1662	21.35815	341.2605	1.205934	0.01677979	0.2580249	-0.01722402	-0.08893184	0.06683998
-0.2140466	0.01288545	0.01615608	297.6368	21.8973	340.7486	0.6447796	0.05283842	0.1711264	-0.01004761	-0.05264635	0.03869541
-0.2141147	0.01373684	0.01481831	296.783	22.34928	340.2838	0.07009246	0.05347414	0.1851683	-0.01045268	-0.02915584	0.009449334
-0.2140571	0.0140326	0.0153966	296.743	22.06851	340.5172	0.03928928	0.00633296	0.1705908	-0.004838172	-0.02012355	0.01357973
-0.2137804	0.01406097	0.01553321	296.931	22.2362	340.3044	0.06980259	-0.004636271	0.05924493	0.001324743	-0.01673815	0.01066052
-0.2138784	0.01456463	0.01499462	296.8615	22.25828	340.2563	0.02521396	-0.01858922	0.04028279	0.00087954	-0.007824532	0.001642424
											
											
::::::::: 2 :::::::::											
Position (X)	 Position (Y)	 Position (Z)	 Rotation (X)	 Rotation (Y)	 Rotation (Z)	 Ang Veloc (X)	 Ang Veloc (Y)	 Ang Veloc (Z)	 Velocity (X)	 Velocity (Y)	 Velocity (Z)
-0.2728867	0.01231277	-0.03100324	296.6434	285.7743	345.4491	0.002298682	0.000960822	0.002486241	-0.001123752	0.001315792	-0.001163411
-0.2728961	0.01198912	-0.03079283	296.6348	285.7848	345.4265	-0.00344984	0.000663235	0.001661047	-0.001612928	-0.001686868	0.001329171
-0.2729297	0.01196778	-0.03077722	296.6729	285.7921	345.4305	0.004513195	0.001316338	0.01741126	-0.002271591	-0.002010505	0.001108231
-0.2729343	0.01189387	-0.03073299	296.6949	285.7943	345.4376	0.00466623	0.003472766	0.01977962	-0.003729077	-0.002981848	0.001780081
-0.2730477	0.0118705	-0.03083229	296.7215	285.7788	345.445	-1.32E-05	0.003386588	0.03071812	-0.005343794	-0.003319619	0.001025419
-0.2732666	0.01170743	-0.03083074	296.7476	285.7462	345.5102	-0.005393772	0.009677228	0.03592078	-0.008431547	-0.005442998	0.001380964
-0.2733681	0.01161742	-0.03079534	296.8595	285.704	345.5807	-0.005032043	0.01391553	0.06958494	-0.01052756	-0.006149422	0.001732005
-0.2735791	0.0117054	-0.03075516	296.9367	285.7381	345.54	0.007293609	0.01532414	0.08625948	-0.01180808	-0.004955814	0.002854261
-0.2735917	0.01172757	-0.03065073	296.9585	285.7479	345.5266	0.01368794	0.006979675	0.07327518	-0.009618727	-0.003823322	0.004036559
-0.2735974	0.01171613	-0.03060865	296.9671	285.7661	345.4958	0.01523282	0.001286268	0.04903411	-0.007953709	-0.003183113	0.003621981
-0.2736529	0.0116564	-0.03055561	296.9919	285.7799	345.4686	0.01899541	-0.001603134	0.04853696	-0.006989941	-0.002370709	0.003733329
-0.2736763	0.0115726	-0.03070605	296.9947	285.7478	345.5105	0.01166232	-0.001165908	0.03608633	-0.005709585	-0.001968059	0.0010214
-0.2737388	0.01161468	-0.0307548	296.9948	285.6743	345.5988	-0.007410765	0.001507458	0.02662463	-0.005547165	-0.000791278	-0.000822754
-0.2737801	0.0116632	-0.03085124	296.9632	285.6581	345.649	-0.01983461	0.01486485	0.01467864	-0.005013647	0.001637011	-0.002677781
-0.273654	0.01184392	-0.031106	296.899	285.6864	345.6733	-0.02155517	0.03049278	-0.0115186	-0.003005064	0.00604644	-0.005882842
-0.2735606	0.01223207	-0.03120875	296.9594	285.9065	345.5042	0.02072565	0.05075177	0.000182417	-0.000303118	0.01340003	-0.007101543
-0.2733058	0.01286638	-0.03121865	296.9875	286.5129	344.9558	0.1146324	0.0890652	-0.008272199	0.006318287	0.028309	-0.006393427
-0.2730875	0.01372755	-0.0313884	296.9774	287.385	344.1394	0.232649	0.1238018	-0.05490737	0.01143547	0.04235135	-0.008369754
-0.2722391	0.01539505	-0.03171861	296.8784	288.1028	343.399	0.2898141	0.1129803	-0.1235459	0.02766057	0.07009777	-0.01416756
-0.2704335	0.0181179	-0.03214538	295.2236	289.0569	342.4185	0.1443172	0.112662	-0.820685	0.06526826	0.1217978	-0.02292268
-0.2688383	0.02105391	-0.03262818	293.2027	289.8327	341.5894	-0.03827078	0.08341127	-1.477345	0.08968683	0.162281	-0.02966789
-0.2663269	0.02735996	-0.03369105	289.6881	292.7467	338.4398	-0.117891	0.04460894	-2.634877	0.1262366	0.2717349	-0.04837573
-0.2636092	0.03617179	-0.03639567	287.1228	298.1977	330.9895	0.3670859	-0.6298994	-3.316106	0.156354	0.4247425	-0.1081211
-0.2602463	0.04327333	-0.03925169	285.3022	296.9396	331.6967	-0.1306111	-0.7527747	-3.1469	0.1996761	0.4882668	-0.1462633
-0.2571067	0.04943442	-0.03927171	281.6245	294.5529	334.4322	-0.9124489	-0.5095933	-3.543215	0.227193	0.4999056	-0.1087099
-0.2543409	0.05418193	-0.0386771	280.8377	307.0548	321.4469	-0.05604852	-0.4054864	-3.412101	0.228631	0.4831069	-0.06723981
-0.2521165	0.0576123	-0.03747559	280.005	309.6996	319.0805	-0.0885369	-0.157764	-2.900417	0.2204232	0.4380011	-0.02761596
-0.2497896	0.0608902	-0.03623283	278.9146	312.0757	317.3612	-0.2725371	0.1597787	-2.540312	0.2141972	0.3986419	0.0111191
-0.24795	0.06531394	-0.03601098	278.3138	318.475	311.4076	-0.1090002	0.3489502	-2.278459	0.2025287	0.3747995	0.0322416
-0.2451667	0.06908381	-0.03497684	277.6698	324.7277	305.4828	-0.07803839	0.4356258	-2.072824	0.2043285	0.3575642	0.04756447
-0.2430222	0.07151306	-0.03377616	277.2816	328.7398	301.9529	-0.09633352	0.5230529	-1.776724	0.1974672	0.320304	0.06279869
-0.2415956	0.0744797	-0.03342748	276.8684	332.5349	298.6523	-0.1123196	0.604202	-1.522676	0.1807997	0.2877119	0.06994119
-0.2393361	0.07732677	-0.03177226	276.8023	337.0131	294.5222	-0.03353072	0.606989	-1.302941	0.1805655	0.2697008	0.08306034
-0.2371213	0.07850313	-0.03060806	276.5131	340.7641	291.2876	-0.0824034	0.6529336	-1.149526	0.1787439	0.2281923	0.08850844
-0.2353664	0.07959247	-0.02980018	276.4596	341.8374	290.7377	-0.06061867	0.6987287	-0.8698028	0.1746811	0.1873026	0.08964643
-0.2327529	0.08052671	-0.02891922	276.6445	342.6385	290.1742	0.02399555	0.621052	-0.63696	0.1872772	0.1544111	0.08223076
-0.2299263	0.08073545	-0.02867627	276.4764	344.8943	288.1866	-0.01813962	0.55927	-0.5685361	0.1987693	0.117532	0.06481845
-0.2275347	0.08047867	-0.02855027	276.462	345.3608	287.7816	-0.01636936	0.4368133	-0.4263354	0.2019996	0.08256411	0.04618168
-0.2254924	0.08066511	-0.02825463	276.3373	346.5364	286.6932	-0.04726767	0.355737	-0.3684442	0.1961308	0.06056274	0.03516619
-0.2244195	0.07949758	-0.02867734	276.2151	345.4289	287.7188	-0.09714173	0.2161767	-0.2442439	0.1668805	0.01647142	0.01550376
-0.2247484	0.0773356	-0.02879083	276.4431	341.4097	291.499	-0.03080606	0.05234034	0.01468637	0.1125833	-0.0324969	0.002914115
-0.2263584	0.07566392	-0.02930915	276.7748	338.4099	294.107	0.0591612	-0.1344613	0.1788588	0.03987373	-0.0664383	-0.01189662
-0.227603	0.07398522	-0.02979803	276.8825	336.3322	295.9339	0.0541573	-0.2198089	0.2383415	-0.01246878	-0.08741362	-0.02090926
-0.2316676	0.07034516	-0.03029466	277.2865	331.0287	300.7762	0.08499306	-0.3627336	0.4692477	-0.1060365	-0.1343883	-0.02848915
-0.2354594	0.06509173	-0.03055143	278.3043	321.5236	309.7321	0.1302836	-0.5254921	0.9856371	-0.1700282	-0.2283044	-0.02919201
-0.2386121	0.05693173	-0.03087401	279.6867	313.2067	317.5371	0.1777023	-0.6439933	1.489224	-0.2176002	-0.3622123	-0.02953361
-0.2431919	0.04856277	-0.0301348	281.7126	305.1625	325.3442	0.2130495	-0.6242896	2.130752	-0.2721404	-0.4605577	-0.007308844
-0.2467144	0.04456592	-0.02904391	285.5051	308.9673	321.5002	1.383385	-0.476794	2.607444	-0.2865327	-0.4278904	0.02990486
-0.2448339	0.04242182	-0.02919149	286.419	310.0459	319.6562	1.272593	-0.6091747	2.008508	-0.1686156	-0.3595572	0.01724327
-0.2457419	0.03810775	-0.02851295	286.0283	304.8617	325.723	0.3447213	-0.1569351	1.776484	-0.1446926	-0.358838	0.03197426
-0.247737	0.03336442	-0.02728713	287.668	301.2673	329.9388	0.1866004	0.07200766	2.088691	-0.1424014	-0.3624166	0.06218401
-0.2492492	0.03173041	-0.02516818	289.2776	305.8637	325.2834	0.9083207	0.1033383	1.765192	-0.1277052	-0.3113178	0.09278412
-0.2494966	0.02946055	-0.02394474	289.2005	305.3452	326.0674	0.5744101	0.1749701	1.3934	-0.1011849	-0.2718727	0.08406409
-0.2500558	0.02607441	-0.02419424	288.6338	298.7472	333.4258	-0.4469077	0.3070493	1.30517	-0.08259856	-0.2662356	0.06850327
-0.2520689	0.0226692	-0.02385545	289.0843	296.6246	335.969	-0.5564778	0.3462729	1.278937	-0.09941258	-0.2818541	0.05725676
-0.2545839	0.01600027	-0.02375531	290.8851	293.2902	339.4821	-0.5797185	0.2459715	1.824423	-0.1361319	-0.3592905	0.03679917
-0.2569497	0.01003575	-0.02358437	293.2258	290.8953	342.1181	-0.4518372	0.1901811	2.381358	-0.1558865	-0.4091789	0.02672182
-0.2619804	0.005509138	-0.02429104	295.6766	291.5684	341.3238	0.1203557	0.1007136	2.61074	-0.2333638	-0.4024646	0.004653518
-0.26056	0.01583672	-0.02452302	305.7188	295.924	336.5974	2.399659	-0.05604205	5.335341	-0.1264418	-0.08497133	-0.000113556
-0.2559487	0.01290798	-0.02433646	293.7104	286.5204	346.7564	-1.465925	0.08277103	0.123742	0.01931863	-0.1220398	-0.00521613
-0.2575549	0.01584637	-0.02529681	292.5734	300.2799	333.2123	0.4655524	0.5257066	-1.052044	-0.0236583	-0.02538213	-0.022446
-0.257614	0.01288807	-0.02433515	296.3437	288.6295	343.8548	-0.5906032	-0.2750619	0.908667	-0.02208367	-0.07858165	-0.01024341
-0.2591461	0.01194549	-0.02444696	296.7635	292.6364	340.4001	0.125585	0.09134788	0.68687	-0.04615732	-0.0761179	-0.007049898
-0.2596946	0.01078439	-0.02439523	296.569	289.8756	343.1506	-0.3652541	-0.01862999	0.5674917	-0.04545679	-0.08193905	-0.006632918
-0.2604675	0.01118493	-0.02473736	296.9137	289.6841	343.4073	-0.2905951	-0.000393032	0.5701015	-0.04800291	-0.06437054	-0.009886584
-0.2602815	0.01115477	-0.02469945	296.936	288.9088	344.2419	-0.346743	-0.01076841	0.4818793	-0.03467744	-0.05185637	-0.009962412
											
											
::::::::: 3 :::::::::											
Position (X)	 Position (Y)	 Position (Z)	 Rotation (X)	 Rotation (Y)	 Rotation (Z)	 Ang Veloc (X)	 Ang Veloc (Y)	 Ang Veloc (Z)	 Velocity (X)	 Velocity (Y)	 Velocity (Z)
-0.2313141	0.01029062	-0.1283991	298.8452	195.0345	346.3306	-0.02212013	-0.001892941	-0.03274265	-0.003148091	0.004994286	-0.00722598
-0.2312669	0.01025045	-0.1284709	298.8719	194.9858	346.3868	-0.02896819	0.002664533	-0.03153853	-0.002671283	0.004975157	-0.008040873
-0.2311735	0.01015675	-0.1284481	298.8932	194.9307	346.4658	-0.03370783	0.005473654	-0.03421908	-0.002609416	0.00497216	-0.008252608
-0.2311898	0.01024389	-0.1285555	298.923	194.9228	346.4832	-0.03767476	0.00714804	-0.0254564	-0.002406067	0.005720756	-0.008609974
-0.2312362	0.01030385	-0.1284655	298.9305	194.9335	346.4753	-0.03304555	0.0087679	-0.01667978	-0.00294548	0.006845632	-0.006920071
-0.2311856	0.01023245	-0.1282676	298.9072	195.098	346.3235	-0.004100796	0.01680692	0.01637361	-0.003594448	0.009882203	-0.003782956
-0.2312568	0.01047385	-0.1283112	298.825	195.2176	346.2089	0.03462991	0.02057183	0.02513805	-0.004387703	0.01309403	-0.003797213
-0.2313	0.01107299	-0.1281376	298.8887	195.7186	345.707	0.02938001	0.04064208	0.1194012	-0.004309398	0.02414979	0.00148429
-0.2311446	0.01188159	-0.1277559	298.7948	196.7204	344.6957	0.1192046	0.08026455	0.2790212	-0.006372576	0.04807199	0.007523564
-0.2312261	0.01328349	-0.1272323	298.6687	197.7525	343.6264	0.1977551	0.09664565	0.3859073	-0.006623445	0.06821473	0.01792432
-0.2311844	0.01566684	-0.1261758	297.4561	198.9266	342.5464	0.6841316	0.1677226	0.3401247	-0.00655382	0.111084	0.038076
-0.2316743	0.01788175	-0.124953	296.5107	200.4393	341.1487	0.9697025	0.2276351	0.361858	-0.012884	0.1370296	0.05897187
-0.2320305	0.02175498	-0.1231812	293.8352	204.158	337.5347	1.953624	0.3474581	0.4279107	-0.01782029	0.1920231	0.08469831
-0.231721	0.02683508	-0.1217551	291.8332	207.7759	333.4676	2.50109	0.2111944	0.5601453	-0.01057378	0.270299	0.09912083
-0.2301018	0.03411031	-0.119378	289.7039	209.4461	330.679	2.831729	-0.2390643	0.3414898	0.03715501	0.3794751	0.1312005
-0.2292913	0.04045486	-0.1167413	287.3838	208.8367	331.3448	2.87463	-0.1974376	-0.2786782	0.04634003	0.429017	0.1594749
-0.2291694	0.04579222	-0.1137707	285.0407	211.3165	328.8757	3.11994	-0.1293379	-0.4248785	0.03191346	0.4440736	0.1856712
-0.2303008	0.05103803	-0.111676	284.5704	219.2483	320.5978	2.966108	-0.09368062	0.2064005	0.005988442	0.4548058	0.1876881
-0.2305738	0.05561793	-0.1090798	283.5453	224.3046	315.3256	2.867429	-0.08251444	0.2592836	-0.000464501	0.4455002	0.1997937
-0.2305872	0.05966473	-0.1065407	282.2618	229.1081	310.5966	2.783996	0.007994817	0.142047	-0.004352616	0.4299096	0.202448
-0.2309332	0.06291747	-0.1044804	281.766	233.2319	306.4815	2.476356	0.04596538	0.1680548	-0.01231985	0.3950861	0.1970171
-0.2311002	0.06649268	-0.1025827	281.4154	238.9667	300.6989	2.315841	0.06792737	0.2573676	-0.01291119	0.3764317	0.1898301
-0.2314058	0.06916726	-0.1007532	281.0628	242.1592	297.4192	2.002663	0.04133142	0.1846796	-0.009229446	0.3335503	0.1818399
-0.2305722	0.0717411	-0.09883547	280.914	245.6414	293.8411	1.731238	0.02195967	0.2393984	-0.001587451	0.3054805	0.1705283
-0.230341	0.07433629	-0.09714341	280.8105	249.5155	289.7498	1.588161	-0.03992848	0.2563799	0.004185777	0.2864289	0.1651409
-0.2305078	0.07655668	-0.09555852	280.4749	253.6263	285.502	1.482303	-0.06530455	0.1571708	0.0102169	0.2521698	0.1545244
-0.2294033	0.07801414	-0.09396207	280.5638	255.2761	283.6138	1.214345	-0.1227195	0.2141796	0.01875453	0.2263056	0.1408502
-0.2287866	0.07926953	-0.0929594	280.3776	258.1922	280.4873	1.143511	-0.1528153	0.1338321	0.02822923	0.1961566	0.127015
-0.228853	0.08085644	-0.09189248	280.1622	261.0119	277.5921	1.045368	-0.1340142	0.05081631	0.02871457	0.1718777	0.1156108
-0.2277545	0.0807749	-0.09130573	280.1735	260.733	277.6812	0.7765777	-0.1684492	0.05699921	0.03497776	0.1319003	0.09122901
-0.2271301	0.08025146	-0.09164023	280.2541	261.0433	277.1485	0.6093634	-0.2084632	0.07350924	0.04042303	0.08563379	0.05986995
-0.2270621	0.07953846	-0.09204173	280.3039	259.2538	278.7607	0.3099713	-0.2447105	0.05547386	0.04204495	0.03671027	0.02535173
-0.2257511	0.07782972	-0.09227192	280.5244	256.5245	281.1496	0.04232468	-0.3327998	0.09489735	0.048816	-7.90E-05	0.000308159
-0.2251224	0.07659268	-0.09301317	280.3442	255.5643	281.9597	-0.00783628	-0.3131222	-0.01147607	0.05069759	-0.0286388	-0.01676238
-0.2249837	0.07392514	-0.09411848	280.0894	251.6856	285.8106	-0.2575888	-0.2742967	-0.174387	0.04364581	-0.08327912	-0.04520788
-0.2245465	0.06927979	-0.09603548	279.7772	245.6029	291.9699	-0.5393176	-0.2066379	-0.3955249	0.03681932	-0.1607216	-0.08470532
-0.2248478	0.06334126	-0.09948313	279.2458	236.5615	301.4748	-0.8534885	-0.01768561	-0.7714232	0.02047738	-0.2574692	-0.1438893
-0.2261777	0.05761194	-0.1032794	280.5372	227.1664	311.4	-1.515398	0.1286725	-0.6048526	-0.014504	-0.3277034	-0.2010494
-0.2275667	0.05256414	-0.1067885	281.7376	219.9072	318.9747	-1.873042	0.1645852	-0.5577123	-0.03599656	-0.3670881	-0.2239464
-0.2297592	0.05015564	-0.1086932	284.0607	220.527	318.8413	-2.108585	0.2860598	0.1730873	-0.07720603	-0.3276736	-0.2084134
-0.2305467	0.04825437	-0.1088374	284.1786	220.8683	318.627	-1.617741	0.279272	0.184304	-0.07534365	-0.286854	-0.1530317
-0.231428	0.04495513	-0.109967	284.4427	215.7679	324.0939	-1.633219	0.2929965	-0.1985836	-0.06912148	-0.2913877	-0.1368708
-0.2316576	0.0406363	-0.1116098	285.2878	212.202	327.7358	-1.696942	0.2055117	-0.2645117	-0.05761302	-0.3152522	-0.1409827
-0.2316035	0.03774571	-0.1158801	286.9431	210.6261	329.2081	-1.871547	0.09446037	-0.03604602	-0.03549713	-0.3226071	-0.1658744
-0.2317822	0.03385878	-0.117241	287.6922	206.2203	333.6773	-1.899861	0.02779433	-0.3469637	-0.01756417	-0.3272838	-0.1470567
-0.2319893	0.03081918	-0.1180558	288.1793	202.4145	337.8345	-1.810687	0.08875339	-0.6118926	-0.01829813	-0.3123704	-0.1267451
-0.232438	0.03011405	-0.1193948	288.9717	203.6098	336.6996	-1.564203	0.1037331	-0.2256913	-0.02614471	-0.2521032	-0.1033636
-0.2340958	0.0284754	-0.1208451	289.2035	202.6454	337.8308	-1.307456	0.1161303	-0.2852264	-0.02980657	-0.2319508	-0.09126811
-0.2339325	0.02655029	-0.1214546	289.6766	200.3127	340.3185	-1.266628	0.08987629	-0.4227059	-0.01751315	-0.2180698	-0.08198185
-0.2332132	0.02363968	-0.1234809	290.6254	199.3174	341.301	-1.315072	0.04535383	-0.3146771	-0.00355255	-0.2255471	-0.09589072
-0.2335435	0.02047288	-0.1255459	292.0581	198.1803	342.2956	-1.554729	-0.05728606	-0.2159321	0.00636636	-0.2462573	-0.1081102
-0.2333849	0.01761067	-0.1279372	293.2246	196.7749	343.8349	-1.665411	-0.03369651	-0.241035	0.007820671	-0.2474985	-0.1356657
-0.235034	0.01953602	-0.1288484	296.3546	199.455	341.333	-2.290576	-0.007374112	0.372443	-0.0336403	-0.1421769	-0.1143321
-0.2344612	0.01542318	-0.1299325	295.5151	201.1534	340.6887	-1.359292	0.4612305	0.3712834	-0.02337645	-0.1776331	-0.1145799
-0.2336536	0.01555252	-0.1309798	299.1198	201.8776	339.3754	-2.271641	0.1468725	0.9247831	0.00697996	-0.1408176	-0.1081478
-0.2335265	0.01434278	-0.1304692	300.0524	199.3737	342.0319	-2.162444	0.07421191	0.3474219	0.001801771	-0.1194478	-0.07574255
-0.2330259	0.01340973	-0.129806	299.9758	199.8986	341.4919	-1.605876	0.0602163	0.3463106	0.003085661	-0.1058879	-0.04639836
-0.2329167	0.01337433	-0.129963	298.47	200.3437	341.1877	-0.6847889	0.1024228	0.0823671	0.005631691	-0.08007919	-0.03793901
-0.2322975	0.01209545	-0.1300341	299.0508	199.1288	342.4341	-0.7496057	0.03663537	-0.0889733	0.0135747	-0.07909183	-0.03548285
											
											
::::::::: 4 :::::::::											
Position (X)	 Position (Y)	 Position (Z)	 Rotation (X)	 Rotation (Y)	 Rotation (Z)	 Ang Veloc (X)	 Ang Veloc (Y)	 Ang Veloc (Z)	 Velocity (X)	 Velocity (Y)	 Velocity (Z)
-0.1447126	0.008320093	-0.06013048	299.081	111.5998	344.0243	0.03271332	0.04545922	-0.06854469	0.009119517	-0.005004407	0.002460926
-0.1446378	0.008374453	-0.06027412	299.1204	111.5962	344.0433	0.02072279	0.03851397	-0.06711622	0.008645317	-0.003655769	-4.54E-05
-0.1446419	0.008323073	-0.0603472	299.1589	111.6354	343.9949	8.62E-05	0.0311566	-0.06552826	0.006872016	-0.003033289	-0.001708959
-0.1444163	0.008289099	-0.06038213	299.1929	111.6835	343.9546	-0.01363661	0.02206383	-0.0549245	0.007269578	-0.003055226	-0.002817444
-0.1444084	0.00834024	-0.06047177	299.1974	111.7019	343.9099	-0.01786157	0.01177265	-0.03787715	0.005622942	-0.001661401	-0.004125871
-0.1444523	0.008302808	-0.0605793	299.2173	111.7634	343.8032	-0.03645247	-0.003891356	-0.03008323	0.003407103	-0.00145249	-0.005209747
-0.1443787	0.008351564	-0.06061971	299.2173	111.8359	343.7185	-0.0430335	-0.01170414	-0.0130026	0.002829271	-0.000153504	-0.005456496
-0.1444327	0.00833714	-0.06063712	299.2166	111.8849	343.6445	-0.04479866	-0.0143967	-0.000500027	0.000604963	0.000507967	-0.004694383
-0.1444928	0.008369207	-0.06067395	299.2018	111.9369	343.56	-0.04541298	-0.0145763	0.009361248	-0.00082007	0.001756645	-0.003837806
-0.1444841	0.008439302	-0.06064141	299.209	111.9818	343.5194	-0.04162998	-0.0141796	0.008806014	-0.000909873	0.002394246	-0.002820484
-0.1444739	0.0083915	-0.06070435	299.2281	112.002	343.4943	-0.03632087	-0.005769058	0.003725096	-0.000808921	0.003081901	-0.001727524
-0.1445196	0.008499503	-0.06067431	299.2227	112.0226	343.4889	-0.02838484	0.004687874	0.003453969	-0.001614655	0.005192183	-0.00034051
-0.1445104	0.008692503	-0.06062806	299.2513	112.1623	343.3722	-0.04669219	0.01138959	0.001844775	-0.001794743	0.007902192	-7.00E-05
-0.1446656	0.00901413	-0.06064439	299.4032	112.5805	342.9507	-0.1390651	0.03137673	-0.02064764	-0.005056892	0.01494222	-0.001257253
-0.1449344	0.0097332	-0.06094384	299.6417	113.6059	341.9086	-0.3374011	0.07690562	-0.0244282	-0.01158077	0.03056811	-0.005294101
-0.145593	0.01118529	-0.06105161	299.7928	114.9095	340.5488	-0.5331872	0.1022999	0.04488525	-0.02498913	0.05801748	-0.007533009
-0.146853	0.01316381	-0.06098163	299.6472	116.1623	339.1218	-0.6443066	0.08272503	0.2260782	-0.05111416	0.09582096	-0.006111814
-0.1490199	0.01654589	-0.06051731	297.664	117.417	337.6786	-0.3288126	0.05029278	1.101393	-0.09411297	0.1576857	0.009741204
-0.1512264	0.02073157	-0.06030035	294.1762	118.877	336.2479	0.2159919	0.08876262	2.25028	-0.1294102	0.2190147	0.01331492
-0.153716	0.02847683	-0.06072819	290.0051	125.6656	329.6032	0.2036936	0.3239002	3.655772	-0.1529473	0.3493117	-0.001466912
-0.1560344	0.0367583	-0.06039476	288.7991	131.7414	322.4215	-0.276443	0.004176327	3.81343	-0.1650945	0.4607273	0.01059407
-0.1602242	0.04662895	-0.05752671	286.2488	130.789	322.8615	0.5116612	-0.2322446	3.594906	-0.2319339	0.5710395	0.07312759
-0.1635206	0.05204749	-0.05778456	282.3487	135.9111	318.2119	1.050167	0.001222098	4.098844	-0.2521199	0.5572016	0.0467126
-0.1663621	0.05714846	-0.05758703	282.8499	145.5363	307.6462	0.1045507	-0.18827	3.645442	-0.2530096	0.5325177	0.04027856
-0.1688324	0.06156576	-0.0570004	282.0663	151.6665	301.1752	0.03083108	-0.2227769	3.357487	-0.2486123	0.4976552	0.0446627
-0.1709216	0.0652777	-0.05735254	281.1404	153.8772	299.2179	0.2693945	-0.07994542	2.778392	-0.2323706	0.4380081	0.03730847
-0.1729696	0.06968236	-0.05591583	280.7535	159.6949	293.1527	0.1516312	-0.09908698	2.520803	-0.2218746	0.4111721	0.04550263
-0.1758233	0.07280958	-0.05505061	281.0445	164.5946	287.8188	-0.1209917	-0.2090397	2.198711	-0.2160445	0.3711182	0.05148541
-0.1773581	0.0753901	-0.05506909	280.8057	167.4739	284.4484	-0.05947034	-0.3294942	1.892839	-0.1923196	0.3143697	0.05273176
-0.1783371	0.07786107	-0.05354738	280.7832	169.64	281.8308	-0.09227688	-0.4098011	1.583468	-0.1671128	0.2756902	0.06113777
-0.1799109	0.07831693	-0.05264664	281.2618	168.8477	282.0555	-0.25551	-0.5369782	1.123985	-0.1476619	0.212432	0.06358033
-0.1805463	0.07843232	-0.05264461	281.3984	168.7905	281.8051	-0.2503173	-0.5218639	0.8382885	-0.1237156	0.150925	0.0553633
-0.1811715	0.07817483	-0.05180442	281.6148	167.4161	282.9975	-0.2640572	-0.4644727	0.4868387	-0.1025694	0.09614657	0.04969626
-0.1814306	0.0765022	-0.0515933	281.8245	165.3213	285.0193	-0.2403081	-0.4084903	0.1648201	-0.07327855	0.02649869	0.04062711
-0.1810471	0.07473004	-0.05098176	281.8431	163.0057	287.2249	-0.1338404	-0.3577901	-0.07710093	-0.04361555	-0.02530885	0.03952174
-0.1794042	0.07100058	-0.05119598	282.0125	158.3859	291.8768	-0.04402817	-0.2894704	-0.4418707	0.009744791	-0.0995551	0.02757832
-0.1766913	0.06759608	-0.0513345	282.0837	155.2218	295.1926	0.05326935	-0.2040782	-0.6016234	0.07720576	-0.1550795	0.01622465
-0.1725	0.06184793	-0.05063665	281.8187	148.6519	302.0678	0.4076308	-0.07320623	-0.9164575	0.156496	-0.2440959	0.01372247
-0.1690589	0.05406559	-0.05197632	283.093	139.8172	311.3178	0.3396775	0.02747167	-1.652021	0.2071096	-0.3561552	-0.01544432
-0.166615	0.05057979	-0.05385113	285.9936	137.7511	313.8022	-0.5070283	0.1293874	-2.213459	0.2145682	-0.3415718	-0.06009891
-0.167302	0.05030942	-0.05321443	287.7894	140.7998	310.1164	-1.214004	-0.1329674	-1.77537	0.129585	-0.2394343	-0.0428676
-0.1680622	0.04916203	-0.05288827	286.4116	139.8382	311.5583	-0.3863973	0.088757	-1.080943	0.08048052	-0.1947795	-0.01441462
-0.1667555	0.04688632	-0.05272615	285.8695	133.721	317.9634	0.3282908	0.06437186	-1.166547	0.08178397	-0.1974423	-0.006728235
-0.1648677	0.04155278	-0.05024838	287.2066	133.0829	318.0894	-0.07056081	-0.1526427	-1.229153	0.1047256	-0.2515484	0.02666719
-0.1623934	0.03643918	-0.05082822	288.0836	129.2554	321.9729	0.07918072	-0.1665165	-1.49976	0.1310889	-0.2959268	0.02475277
-0.1596713	0.03035796	-0.05103505	289.0113	123.0869	328.6648	0.5268962	-0.03928489	-1.896884	0.1495295	-0.3583979	0.01164843
-0.1573663	0.02606034	-0.05183434	290.4048	121.6239	330.664	0.3328063	0.1411822	-2.057846	0.1622902	-0.3583065	-0.011287
-0.1559935	0.0213455	-0.05218565	292.0084	118.909	333.627	0.3071261	0.1327371	-2.295575	0.1517293	-0.3763309	-0.01585902
-0.1537481	0.01521838	-0.05201221	293.5086	115.6497	337.2801	0.4494838	0.141504	-2.533565	0.1587238	-0.4195393	-0.01245706
-0.1525206	0.009276867	-0.05184984	295.4698	113.6062	339.2346	0.3142904	-0.00944223	-2.734967	0.1436439	-0.446051	-0.00158285
-0.150586	0.005473852	-0.05179548	297.0828	112.6633	340.1935	0.1264891	-0.05191255	-2.705262	0.1508631	-0.4180576	-0.000459377
-0.1543799	0.01441061	-0.0506804	302.7526	113.9449	337.7832	-1.016192	-0.6256754	-4.036736	-0.01136913	-0.1058416	0.03230262
-0.1525797	0.01548159	-0.05191255	292.9547	107.3407	345.5757	1.971422	-0.1329502	0.3031621	0.01268462	-0.06902735	0.009082315
-0.1508802	0.01626074	-0.05213654	296.9355	119.5686	333.5037	-0.7969533	0.2607582	-0.5507815	0.07065492	-0.02285138	-0.004117471
-0.1497938	0.01091838	-0.05198669	299.4984	112.7875	339.9657	-0.1356057	-0.1053787	-1.753098	0.06178484	-0.1158716	-0.0129428
-0.1491596	0.01023865	-0.05134487	300.1079	115.1505	337.7472	-0.5108205	0.04093931	-1.388007	0.05880499	-0.09477983	0.01078611
-0.1496446	0.009887338	-0.05083609	299.842	112.3474	340.5389	0.1751387	-0.0903418	-1.120341	0.03231663	-0.07107434	0.02488396
-0.1497937	0.01002216	-0.05087137	298.8574	112.8381	340.261	0.271374	0.03465604	-0.368561	0.01906404	-0.05204902	0.01812671
-0.1495142	0.009509444	-0.05104375	298.801	112.6681	340.4706	0.2604352	0.03892028	-0.2358731	0.02039943	-0.04626243	0.013309
-0.1493959	0.009387732	-0.05078661	299.33	112.2821	340.8207	0.1716802	-0.000261146	-0.3833948	0.01539602	-0.03925558	0.01411345
											
											
::::::::: 5 :::::::::											
Position (X)	 Position (Y)	 Position (Z)	 Rotation (X)	 Rotation (Y)	 Rotation (Z)	 Ang Veloc (X)	 Ang Veloc (Y)	 Ang Veloc (Z)	 Velocity (X)	 Velocity (Y)	 Velocity (Z)
-0.2316798	0.01079917	0.06013906	297.6572	20.68204	341.828	0.09193142	0.03713225	-0.00296869	0.003128368	-0.01188087	0.0185766
-0.2316407	0.0106461	0.06032825	297.8747	20.66387	341.9082	0.1681437	0.05630049	-0.02568642	0.003205708	-0.01326566	0.02157308
-0.2316514	0.01040459	0.06056762	298.0482	20.56912	342.0891	0.2015092	0.07219276	-0.0136935	0.00257489	-0.01435552	0.0218075
-0.2317627	0.01059365	0.06041777	298.0697	20.60428	342.1281	0.1597255	0.07556355	-0.003027056	0.000197262	-0.008625976	0.01555213
-0.2317183	0.01052439	0.06026554	298.0118	20.52222	342.213	0.1019204	0.05622567	0.02060162	0.000809784	-0.006497059	0.008918568
-0.2316334	0.0105685	0.06028068	298.0286	20.5114	342.2329	0.07750375	0.04552453	0.016979	0.001933826	-0.004383012	0.006266074
-0.2316263	0.01046002	0.06025887	298.0231	20.52736	342.2004	0.04604139	0.02374637	0.01152701	0.002653879	-0.002865435	0.003316366
-0.2316396	0.01060295	0.06034076	297.9866	20.52841	342.1655	0.01862364	0.009570066	0.003847512	0.001983876	-4.11E-05	0.002234203
-0.2317074	0.01057446	0.06025612	297.9774	20.51368	342.1638	0.008584514	-0.000147468	0.002782957	0.000923505	0.000810404	0.000370583
-0.2317127	0.0106535	0.06019366	297.982	20.59554	342.0784	0.001950342	-0.00127544	-0.009570132	0.001155041	0.003024157	-0.000912047
-0.2317276	0.01077855	0.06030679	297.9763	20.62867	342.0311	-0.006421898	-0.000724892	-0.01982339	0.000865641	0.004954414	-0.000322212
-0.2317086	0.01094413	0.06017518	297.947	20.76274	341.8791	-0.02566258	-0.000258421	-0.04299859	0.001715321	0.00842034	-0.003107738
-0.231706	0.01128042	0.05997181	297.9988	21.18308	341.4315	-0.02907762	0.007726557	-0.1187255	0.003184126	0.01485917	-0.00703728
-0.2315758	0.01186955	0.05973661	298.0737	21.78914	340.7717	-0.04010807	0.01931294	-0.2257977	0.005815508	0.02450915	-0.01077657
-0.2314329	0.01299322	0.05912113	298.2813	23.15984	339.3234	-0.05903167	0.05342489	-0.4583748	0.008445335	0.04583851	-0.02221917
-0.2310411	0.01453948	0.05804229	298.1419	24.38408	337.9562	-0.2138653	0.04347993	-0.5666906	0.0138073	0.0748968	-0.04352707
-0.2308057	0.01774168	0.05615962	296.8985	26.3083	335.9609	-0.8035033	0.09663893	-0.5383361	0.01567649	0.133724	-0.07997458
-0.2305583	0.02262652	0.0530057	293.535	29.23342	332.8395	-2.137569	0.1000963	-0.2413096	0.01841343	0.2208307	-0.1371502
-0.2299333	0.02787292	0.05057824	290.2296	34.85032	327.0044	-3.228019	0.1498358	-0.202667	0.02697108	0.2886067	-0.1570919
-0.2298083	0.03781629	0.04838872	288.5476	43.06195	318.1627	-3.667578	0.07441355	-0.642506	0.02083352	0.4616942	-0.1749182
-0.230948	0.04708385	0.04308677	285.688	43.35824	317.8168	-3.692472	-0.002679227	0.3102112	-0.008902	0.5661892	-0.2570965
-0.2302287	0.05352616	0.03883755	282.416	53.67533	307.8987	-4.327729	0.2700138	0.5565737	0.007177098	0.5636423	-0.2900674
-0.2300584	0.05838525	0.0363158	282.142	62.14631	299.0756	-3.948589	0.1800276	0.1581715	0.01163164	0.5440129	-0.2831311
-0.2294199	0.06253099	0.03395844	281.6441	66.04234	295.0925	-3.338669	0.1496116	0.1526573	0.01759271	0.4941663	-0.2687267
-0.2289264	0.06637919	0.03135693	281.124	70.21273	291.4174	-2.809409	0.3251582	0.2030162	0.02616047	0.4537071	-0.2611183
-0.2287325	0.07016408	0.02809572	280.3465	76.90701	285.0783	-2.575757	0.4390538	0.31512	0.02629711	0.3981479	-0.2544841
-0.2279611	0.07229674	0.02708268	280.1094	78.69392	283.6	-2.000836	0.4554928	0.3206351	0.03081931	0.3319091	-0.2140148
-0.2279072	0.07435226	0.0256294	280.1319	80.37997	281.9056	-1.593356	0.3551945	0.2030951	0.0255417	0.2923084	-0.1919007
-0.2286	0.07732391	0.02374208	280.246	84.98183	277.0516	-1.465788	0.1907116	0.05449807	0.004682904	0.2575587	-0.1665393
-0.2289453	0.07827747	0.02416813	280.1352	86.30727	275.4018	-1.205286	0.01397718	0.0711459	-0.01124315	0.2030291	-0.1163817
-0.2301591	0.07950675	0.02356791	280.447	85.91954	275.2881	-0.8626307	-0.1965452	-0.08653117	-0.03203123	0.1582628	-0.0828269
-0.2309347	0.0789144	0.02416658	280.711	86.17477	274.5491	-0.669153	-0.3427496	-0.181741	-0.04275585	0.1003003	-0.04236248
-0.2312861	0.07702875	0.02566218	280.7699	83.85858	276.5827	-0.3132058	-0.3883034	-0.146565	-0.04136822	0.02042782	0.006804016
-0.2318284	0.07527709	0.02687526	280.7943	80.74453	279.5044	0.0159794	-0.3853856	-0.0989483	-0.03974177	-0.03849202	0.04297783
-0.2319108	0.07057118	0.0298804	281.074	73.55673	286.6188	0.5908251	-0.3669029	-0.05880973	-0.03142286	-0.1386053	0.1092918
-0.2318982	0.06390202	0.03424203	281.0948	64.05823	296.2642	1.166565	-0.2757812	0.2223258	-0.02222047	-0.2649637	0.187912
-0.2319674	0.05535376	0.03997958	282.2099	51.42063	309.2487	2.072876	-0.1578839	0.3454301	-0.009598417	-0.4096706	0.2809351
-0.2313028	0.04528582	0.04508054	285.1509	41.15077	319.5699	3.155424	-0.2319967	0.06875469	0.009762173	-0.5419134	0.3432808
-0.231557	0.03528833	0.04946136	288.3691	35.72297	324.8057	3.79763	-0.3547604	-0.3095753	0.008232639	-0.6326361	0.362772
-0.2317063	0.02815855	0.05354643	291.403	33.54899	326.8856	4.034079	-0.3749694	-0.7373424	0.01174092	-0.6285525	0.3524025
-0.2314904	0.02571809	0.05280709	293.4108	33.26286	326.9319	3.656266	-0.3964777	-0.9698437	0.01087638	-0.5000631	0.2514383
-0.2326238	0.02368844	0.05122805	293.4787	30.97313	329.7921	2.985322	-0.1363166	-0.3801245	-0.000614255	-0.3928891	0.1600804
-0.2311526	0.02723968	0.0476172	291.2941	32.12868	329.4233	1.410214	0.2339592	0.07033092	0.03740815	-0.2031166	0.02645332
-0.2301567	0.0238663	0.04980302	291.1634	32.91514	328.5984	0.822572	0.206066	0.02850132	0.0444233	-0.1781363	0.02596019
-0.2312398	0.02117705	0.04955089	291.3138	31.10065	330.537	0.7973613	0.149893	0.2207485	0.01751555	-0.1807429	0.02552699
-0.2311751	0.01631248	0.05255067	292.36	29.11013	332.565	1.074755	0.06288762	0.222928	0.002566929	-0.2133383	0.06008507
-0.2319245	0.01440871	0.05374992	292.879	27.64738	333.9221	1.078592	-0.03630288	0.2560906	-0.01610055	-0.2014437	0.07309827
-0.2327526	0.01654696	0.05457032	293.5226	25.35892	336.4763	1.23404	-0.00833349	0.4466532	-0.0354068	-0.1062436	0.06048953
-0.2325713	0.01452065	0.05521536	293.149	24.31353	337.6516	0.8537296	0.01606561	0.5803828	-0.03090084	-0.1202762	0.05586854
-0.2327331	0.01329756	0.05599368	294.5748	25.29655	336.7074	1.099362	0.04153377	0.0681106	-0.02465733	-0.1171563	0.05865316
-0.2323999	0.01208949	0.05660498	295.5209	22.9744	338.9964	1.307636	-0.05972181	0.2403857	-0.01806656	-0.122439	0.05220259
-0.2326546	0.01084781	0.05738676	296.259	22.83959	339.2281	1.274884	-0.01573664	0.09069574	-0.02107644	-0.1195575	0.05611952
-0.2331413	0.01083171	0.05769086	296.7934	22.02594	340.1419	1.214997	-0.009750016	0.1325821	-0.02344989	-0.1059587	0.05229115
-0.2324971	0.01078856	0.05805886	296.7259	22.21656	339.9839	0.8449477	0.01378476	0.07648822	-0.007944384	-0.08591745	0.03946459
-0.2328544	0.01107097	0.05754042	296.8168	22.0851	340.1136	0.6567395	0.003883087	0.06470286	-0.008311195	-0.06790609	0.02536788
-0.2330176	0.01117027	0.0579797	296.6419	21.89103	340.2769	0.4080462	-0.01471091	0.09743319	-0.008195022	-0.05281956	0.02044259
-0.2325793	0.01132464	0.05820847	296.6391	21.79983	340.3361	0.2952444	-0.02794967	0.08797322	0.000111089	-0.0404672	0.01660115
											
											
::::::::: 6 :::::::::											
Position (X)	 Position (Y)	 Position (Z)	 Rotation (X)	 Rotation (Y)	 Rotation (Z)	 Ang Veloc (X)	 Ang Veloc (Y)	 Ang Veloc (Z)	 Velocity (X)	 Velocity (Y)	 Velocity (Z)
-0.3264687	0.0118444	-0.003624558	296.4356	297.2707	345.47	0.03549027	-0.01537314	0.02332676	-0.001579734	-0.002214904	0.006328375
-0.3266542	0.01173425	-0.003616452	296.4898	297.2292	345.5166	0.02869717	-0.01062331	0.04218467	-0.004286454	-0.003229338	0.005565701
-0.3267069	0.01166666	-0.003551126	296.507	297.2141	345.545	0.01807049	-0.00345346	0.03685709	-0.004894686	-0.003936355	0.004783656
-0.3268221	0.01162648	-0.00352788	296.5674	297.1965	345.5773	0.01927805	0.000779785	0.05247239	-0.006203554	-0.003890081	0.00403897
-0.3268158	0.01165414	-0.003450751	296.58	297.2141	345.5671	0.01519241	0.005557125	0.04407658	-0.005458893	-0.003289021	0.004058682
-0.3270469	0.01167476	-0.00336349	296.6281	297.2103	345.57	0.02048572	0.004427308	0.04370859	-0.006605365	-0.002941641	0.003793286
-0.3270325	0.01155794	-0.003552198	296.6276	297.225	345.5557	0.01908138	0.002644425	0.03281288	-0.004847711	-0.002834048	0.001036639
-0.3269105	0.01166892	-0.003508568	296.6288	297.2196	345.5701	0.009083132	0.004773933	0.0245811	-0.003108885	-0.000877296	9.45E-05
-0.3269307	0.01176775	-0.003632665	296.6343	297.2274	345.5749	0.008616063	0.008989846	0.02071489	-0.002505124	0.001109151	-0.001402894
-0.326928	0.01199937	-0.003675222	296.6257	297.3148	345.5141	0.01646528	0.01987862	0.008742345	-0.001602044	0.006280832	-0.002241235
-0.3269303	0.01251471	-0.003684759	296.6118	297.5987	345.2567	0.05010495	0.040041	-0.02555711	-3.94E-05	0.01585934	-0.003057855
-0.3265646	0.0134685	-0.003858685	296.6817	298.445	344.4727	0.1795661	0.08947554	-0.06411911	0.009209225	0.03735793	-0.007123666
-0.3259447	0.01513231	-0.004332662	296.4566	299.5205	343.434	0.2606615	0.1276066	-0.227469	0.02227367	0.07057533	-0.01579643
-0.3248865	0.01773107	-0.005354762	295.7551	300.1989	342.5905	0.1786568	0.06097794	-0.5157883	0.04553001	0.1191855	-0.03693273
-0.3231413	0.01999807	-0.006327271	293.7629	300.0649	342.5704	-0.2958241	-0.02647535	-1.124565	0.07538381	0.1472935	-0.05665315
-0.3214126	0.02495706	-0.00799942	288.8152	299.4862	343.2294	-1.300606	-0.02006296	-2.543286	0.09677101	0.2253536	-0.0837962
-0.3204066	0.03256154	-0.00987339	287.2435	303.7179	337.5954	-0.6893948	-0.4680185	-2.892127	0.1000902	0.3552535	-0.1041007
-0.3168295	0.04063582	-0.01252055	285.9767	307.185	333.1541	-0.4358212	-0.6505857	-2.868446	0.1637863	0.4651583	-0.1452378
-0.3135397	0.0463382	-0.01263463	282.3057	309.1484	331.5134	-1.103143	-0.3524333	-3.420753	0.2053735	0.4789161	-0.1033969
-0.3110571	0.05140471	-0.01211476	281.5356	318.6357	321.7788	-0.453702	-0.2352832	-3.341554	0.212389	0.4701478	-0.0624483
-0.3084095	0.05508709	-0.01167023	281.0454	326.8292	313.4826	-0.09639567	-0.1197507	-3.128349	0.2193946	0.4296471	-0.03307514
-0.3062815	0.05835259	-0.01056445	280.0233	330.8434	309.968	-0.2800982	0.1312352	-2.726144	0.2125602	0.3895128	-0.001536838
-0.3036208	0.06192994	-0.009557605	279.6892	337.0197	304.0215	-0.1551254	0.2439265	-2.418901	0.2149932	0.3640905	0.02040873
-0.3013559	0.0665561	-0.01054943	279.4184	345.0774	295.9102	-0.01477061	0.2068234	-2.325165	0.2141879	0.353339	0.008343531
-0.2997189	0.0691191	-0.009972811	279.0457	350.8742	290.1601	-0.07104727	0.1991478	-2.09119	0.1946577	0.3118444	0.01387992
-0.2969949	0.07210171	-0.009495258	279.1394	356.3007	284.66	0.01582447	0.1342193	-1.862668	0.1928302	0.2895733	0.01689261
-0.2960008	0.07469261	-0.01010621	279.2961	0.5554558	280.2825	0.1052721	0.07505893	-1.643512	0.1661408	0.2587653	0.009771682
-0.2953037	0.07600939	-0.00949645	279.3141	2.679706	278.2157	0.07866155	0.08662163	-1.33297	0.1377072	0.215961	0.01813933
-0.2939442	0.07777059	-0.008517742	279.5233	4.348722	276.6852	0.1371615	0.1309846	-1.063752	0.1207154	0.1880389	0.03089864
-0.2928085	0.07944131	-0.008385301	279.7146	6.872628	274.2815	0.164971	0.1490586	-0.9349335	0.1106874	0.1731091	0.03069946
-0.2921264	0.08021176	-0.007851481	279.6256	8.688935	272.661	0.06857911	0.2024562	-0.773229	0.09198729	0.1405874	0.03377546
-0.2916492	0.07999671	-0.007539511	279.857	8.21878	273.2262	0.1458944	0.1693968	-0.5370762	0.07072888	0.09782143	0.03300066
-0.2922029	0.07892656	-0.007017493	280.0353	7.395597	274.0236	0.1904451	0.1073855	-0.3349607	0.03564377	0.04844658	0.03185822
-0.2934142	0.07748473	-0.00695467	280.1629	4.140198	277.1898	0.2221328	0.01664238	0.000724259	-0.00697101	-0.001272605	0.02638332
-0.2939695	0.07626832	-0.006811976	280.4033	1.742902	279.5007	0.2673605	-0.0593398	0.1878923	-0.02703865	-0.03145071	0.02232317
-0.2957352	0.07369637	-0.006367326	280.5732	358.2077	282.8868	0.2711645	-0.1298257	0.4014177	-0.0630508	-0.08071616	0.02242466
-0.2976495	0.07024419	-0.00647974	281.0268	353.0255	287.8776	0.3618261	-0.2120074	0.7015489	-0.09511352	-0.1397688	0.02054362
-0.3000995	0.06596136	-0.006273627	281.7418	347.5977	293.1011	0.4855606	-0.3002132	1.005565	-0.1320352	-0.2053163	0.02249998
-0.3025082	0.06212044	-0.005395889	283.0838	343.0928	297.3843	0.815639	-0.3638882	1.266105	-0.1564131	-0.238526	0.03314235
-0.3045132	0.05836511	-0.005584121	283.939	340.0288	300.1994	0.864865	-0.4045392	1.322595	-0.1610953	-0.2582903	0.02768597
-0.3059779	0.05548513	-0.005021572	284.5324	337.2553	303.1394	0.7600479	-0.2773544	1.339489	-0.1541407	-0.2568372	0.03408294
-0.3066087	0.05196428	-0.003827214	284.5741	333.4089	307.3022	0.3730828	-0.09657588	1.378143	-0.1265966	-0.2676094	0.05055749
-0.3087	0.04746032	-0.003564715	285.1619	330.4937	310.4372	0.3104193	-0.004355751	1.420878	-0.1354759	-0.2936542	0.05755307
-0.3108695	0.04218876	-0.002500296	286.1806	326.1986	314.821	0.3306315	-0.03647735	1.687556	-0.1475549	-0.3470683	0.06752244
-0.3126243	0.03632557	-0.001287222	287.1721	323.7766	317.176	0.4118446	-0.09742114	1.716857	-0.1506564	-0.3896143	0.07009701
-0.3146626	0.0307492	-0.001286149	287.6727	319.954	321.044	0.1697025	-0.1205657	1.776218	-0.1549021	-0.4108146	0.0589148
-0.3161001	0.02878428	-7.68E-05	289.9139	322.13	319.0129	1.058548	-0.01477178	1.660983	-0.1409465	-0.3451285	0.07254449
-0.3160705	0.02852511	-0.001344442	290.8762	323.3088	316.9589	1.20778	-0.3301511	1.234752	-0.0990459	-0.2553363	0.01976147
-0.317122	0.02561867	-0.002161741	289.9296	318.2493	322.4544	0.1341304	-0.1902235	1.247598	-0.09121127	-0.2428285	0.003817495
-0.3193216	0.02154493	-0.002318501	290.2757	313.18	327.7368	-0.3231884	-0.1706207	1.549255	-0.1169563	-0.2797169	0.001414088
-0.3223157	0.01421106	-0.000757814	293.0737	311.0367	329.8829	0.2740478	-0.2006471	2.221821	-0.1606801	-0.3707066	0.0285876
-0.3265887	0.01066053	7.30E-05	295.8263	309.83	330.845	0.8138887	-0.317017	2.593016	-0.223259	-0.3470523	0.03867774
-0.3255146	0.01661503	-0.000356197	298.9499	307.882	333.9021	0.9782274	0.1124883	3.321961	-0.1365266	-0.1012498	0.01555581
-0.3231635	0.0109812	-0.00196743	293.3376	301.3818	340.2099	-1.575733	-0.1456886	1.013128	-0.02629779	-0.2001947	-0.03227731
-0.3244496	0.01284111	-0.002840877	293.886	309.7099	332.6077	-0.08900931	0.4610135	0.1346757	-0.05461063	-0.1109007	-0.03248186
-0.3262392	0.01050794	-0.002761602	296.7345	300.7316	341.0666	-0.6220146	-0.1601816	1.797311	-0.06950434	-0.1436004	-0.02664317
-0.3271426	0.009138107	-0.003018618	298.2918	300.1419	341.9532	-0.2586154	-0.06143922	1.999718	-0.06905033	-0.1437829	-0.02317795
-0.327026	0.009446859	-0.002951741	298.587	300.2916	341.8362	-0.1724171	-0.04184121	1.618326	-0.04933864	-0.1130046	-0.03136099
											
											
::::::::: 7 :::::::::											
Position (X)	 Position (Y)	 Position (Z)	 Rotation (X)	 Rotation (Y)	 Rotation (Z)	 Ang Veloc (X)	 Ang Veloc (Y)	 Ang Veloc (Z)	 Velocity (X)	 Velocity (Y)	 Velocity (Z)
-0.2950296	0.01011348	-0.08934081	298.0079	205.4226	348.2303	-0.0254912	-0.0132681	0.04355768	-0.00350713	0.000577894	-0.003564729
-0.2952113	0.01040554	-0.08937025	298.0104	205.445	348.2081	-0.0208263	-0.009907556	0.03334805	-0.002825176	0.00187329	-0.002225384
-0.2952898	0.0103575	-0.08940744	298.0225	205.4409	348.2115	-0.01945601	-0.007305752	0.02306118	-0.002255975	0.00178092	-0.002141319
-0.2952785	0.01039028	-0.0894376	298.0294	205.4402	348.2116	-0.01661808	-0.005578071	0.01781274	-0.001334781	0.002093958	-0.002302926
-0.2953329	0.0105778	-0.08946526	298.0305	205.435	348.2341	-0.01565394	0.001770184	0.007563522	1.19E-05	0.003104601	-0.001987003
-0.2952387	0.01040828	-0.0893563	298.0247	205.431	348.2506	-0.01097482	0.006051816	0.001771002	0.000229717	0.003628371	-0.001971885
-0.2952163	0.01054835	-0.08934247	298.0317	205.463	348.2288	-0.007873565	0.01010771	0.006293969	0.000709012	0.00613656	-0.001019701
-0.2953987	0.01116204	-0.08955002	298.035	205.5633	348.132	0.003093809	0.01616876	0.02394223	0.000565964	0.01171654	0.000220191
-0.2953007	0.01124537	-0.0893029	298.0665	205.8197	347.8712	0.01280856	0.02331989	0.06958522	0.000458425	0.01652107	0.002885852
-0.2952858	0.0118022	-0.08907092	298.1171	206.3648	347.319	0.03607748	0.03995462	0.1513851	0.000701146	0.02503564	0.007484521
-0.2950377	0.01311612	-0.08866274	298.0682	207.2227	346.4002	0.1229043	0.04632596	0.2549003	0.006139871	0.04930837	0.01732023
-0.2946406	0.01479244	-0.08771873	297.8661	207.7547	345.7214	0.2309027	0.007405402	0.270714	0.01365141	0.08138444	0.03441608
-0.2939273	0.01689172	-0.08652711	297.1649	208.528	344.7722	0.5106988	-0.02406944	0.2232337	0.02748693	0.1101693	0.0542736
-0.2929545	0.02085328	-0.08451211	293.9015	208.2001	344.9203	1.51853	-0.1055533	-0.4728499	0.04594902	0.172065	0.08855732
-0.2921525	0.02662241	-0.08247328	289.8423	210.8582	342.1348	2.776431	-0.05182676	-0.7909065	0.05643895	0.2676502	0.1129125
-0.2910506	0.03392959	-0.08107591	287.6496	216.5176	335.5259	3.258721	-0.2530358	-0.3643208	0.06707413	0.3680341	0.1150213
-0.2877731	0.04291248	-0.07780874	286.0909	215.6056	335.6003	3.033944	-0.4987767	-0.7967179	0.1219817	0.4811226	0.1727327
-0.2885171	0.04726863	-0.07538462	283.0493	214.9391	336.5789	3.203599	-0.3004149	-1.369131	0.08533612	0.4610465	0.1884929
-0.2896654	0.05082178	-0.07342505	282.7814	225.4397	325.9742	3.055658	-0.1175217	-0.3764606	0.03475434	0.4250936	0.1833053
-0.2889654	0.05473554	-0.07073617	282.7803	231.0672	320.1432	2.68999	-0.06780017	0.003845494	0.03270547	0.4114679	0.2002631
-0.2891021	0.05763459	-0.0683372	280.9179	234.0687	317.6166	2.60046	0.1388022	-0.4416113	0.01834994	0.3758611	0.2013699
-0.2895865	0.06094086	-0.066293	280.3714	238.7451	313.0449	2.322143	0.1777125	-0.3016586	0.002233085	0.3543907	0.1961248
-0.2898095	0.06304145	-0.06442559	280.3433	244.2149	307.4426	2.086287	0.1427253	-0.08263511	-0.001572278	0.3082826	0.1867102
-0.2893473	0.06547284	-0.06310368	280.0512	246.9883	304.8292	1.74658	0.1766093	-0.05185222	-0.004130805	0.275621	0.1640258
-0.2895246	0.06724918	-0.06177115	280.1617	249.7602	302.0073	1.46528	0.1320253	0.07991767	-0.00740677	0.2444415	0.1518653
-0.29074	0.06942093	-0.06078923	279.8173	253.1388	298.7514	1.302277	0.1641909	-0.006682995	-0.01600329	0.2050566	0.1365397
-0.2905005	0.07129014	-0.05957091	279.7616	254.8222	297.1756	1.070567	0.166934	0.02271133	-0.01751868	0.1844572	0.1255087
-0.2908806	0.07219052	-0.05876863	279.9347	256.6441	295.4261	0.903111	0.1667425	0.1055211	-0.02204051	0.1581154	0.1112568
-0.2919762	0.07348788	-0.0581398	279.74	258.9236	293.3176	0.7926337	0.2011053	0.03058855	-0.02668429	0.1279512	0.09536343
-0.2915365	0.07399333	-0.05732048	279.7672	259.4089	292.9433	0.6196967	0.1903058	0.04910355	-0.02232206	0.104355	0.08209826
-0.2915072	0.07327533	-0.05760038	280.056	258.9643	293.3754	0.4244699	0.1387836	0.1368034	-0.01634723	0.06217835	0.05480456
-0.2915548	0.07182467	-0.05809104	280.0809	257.6472	294.6077	0.2126808	0.06531349	0.09113167	-0.009329364	0.01067241	0.01997521
-0.2908822	0.06952441	-0.0593487	280.4321	253.6895	298.4136	-0.13665	-0.03810765	0.1469948	-0.000110219	-0.04259563	-0.0213263
-0.2906448	0.06765199	-0.06049776	280.8417	251.4681	300.4193	-0.2840003	-0.1240872	0.2171542	0.005152856	-0.07419161	-0.0419695
-0.2906303	0.06430221	-0.06191742	281.2287	247.7243	303.9252	-0.5471468	-0.2164266	0.2124082	0.008475007	-0.1354312	-0.07325327
-0.2909149	0.06177008	-0.06354308	281.8438	244.7191	306.8317	-0.7150517	-0.2322183	0.288766	0.003254975	-0.1602992	-0.09013414
-0.2910156	0.05888271	-0.06507528	282.8652	242.4879	308.8044	-0.8600351	-0.2961773	0.4892804	7.77E-05	-0.1858141	-0.1022974
-0.2913652	0.0564692	-0.06644177	283.6186	240.5876	310.6878	-0.9477056	-0.2381007	0.5597365	-0.006906293	-0.1951564	-0.1054346
-0.2921529	0.05498803	-0.06757951	284.2713	239.3841	311.8517	-0.9292002	-0.2165012	0.5833452	-0.01402126	-0.1835011	-0.09576628
-0.2924265	0.05258548	-0.06824875	284.2441	236.7482	314.5642	-0.9162196	-0.1586019	0.2932487	-0.01653709	-0.1918855	-0.08646026
-0.2935463	0.04779077	-0.07106137	284.5906	231.2604	320.3575	-1.223853	-0.05844579	0.007794611	-0.03587333	-0.2676608	-0.1110523
-0.2956952	0.04277444	-0.07445037	285.4054	226.8307	324.9547	-1.478216	-0.04348967	-0.08513441	-0.05153204	-0.3339123	-0.1414688
-0.2969792	0.03526163	-0.07792544	287.7103	223.0245	328.974	-2.073168	-0.02072904	0.2654024	-0.06832875	-0.4217204	-0.1859536
-0.2976452	0.02840197	-0.08093143	290.3581	220.4483	331.3797	-2.556768	-0.1475541	0.6490889	-0.06601615	-0.4752983	-0.2012242
-0.2968951	0.02165961	-0.08187401	291.7177	217.4133	334.2285	-2.587644	-0.247122	0.5060766	-0.03792407	-0.4965974	-0.1782654
-0.2969979	0.01683223	-0.0831852	292.6922	213.9306	337.995	-2.596118	-0.1635845	0.1593348	-0.02993693	-0.4777516	-0.1611267
-0.2977889	0.01379001	-0.08505392	294.9502	214.4181	337.5416	-2.637816	-0.1238053	0.7228948	-0.0390932	-0.4276238	-0.1492523
-0.2998438	0.01601565	-0.09006381	296.6472	217.679	334.5218	-2.169152	0.1117107	1.382586	-0.06694917	-0.2555321	-0.2212478
-0.2988307	0.02196896	-0.08558023	300.8926	212.2926	339.2045	-3.522302	-0.495795	1.012237	-0.01828264	-0.06157398	-0.0485081
-0.2971388	0.020612	-0.08564031	290.874	213.0288	339.6004	0.8455014	0.2579144	-1.144753	0.02639559	-0.06727577	-0.01460785
-0.2994264	0.02356768	-0.08895254	293.8003	218.8087	333.8658	0.1480266	0.3457659	0.4032413	-0.002231994	0.002275144	-0.07535411
-0.2994626	0.01928079	-0.08904994	296.5104	210.3027	342.1983	-1.272427	-0.03854603	-0.3483919	-0.01649498	-0.07463235	-0.0705905
-0.299197	0.01805627	-0.0912571	297.9759	212.111	340.558	-1.36137	0.07039658	0.3202742	-0.0168472	-0.07176065	-0.09749358
-0.2990702	0.01597619	-0.09227765	299.3985	209.4639	343.223	-1.772486	-0.05325356	0.05290436	-0.005233014	-0.08469164	-0.09949038
-0.298734	0.01558328	-0.09256601	300.178	207.7549	345.0267	-1.741741	-0.08634993	-0.115506	0.006718762	-0.07063223	-0.08060585
-0.2987612	0.01602578	-0.09243095	298.7745	207.2419	345.7247	-0.8558161	-0.02238724	-0.4893866	0.007508075	-0.04299784	-0.05528503
-0.298713	0.01574481	-0.09261155	297.8591	207.1444	345.9072	-0.3275623	0.0168157	-0.5657074	0.000909653	-0.02705146	-0.05138491
-0.2989297	0.0157522	-0.09321165	298.0515	207.3205	345.7058	-0.2844578	0.01206343	-0.3656692	-0.004711171	-0.01988091	-0.05208407
-0.2991726	0.01574278	-0.09303474	298.4338	207.1927	345.8658	-0.3264257	0.01165176	-0.2488625	-0.007339663	-0.01340162	-0.0450651
-0.2992066	0.01567864	-0.09332025	298.256	206.9316	346.1366	-0.2072097	0.005514655	-0.2506852	-0.01045459	-0.008068788	-0.04284436
											
											
::::::::: 8 :::::::::											
Position (X)	 Position (Y)	 Position (Z)	 Rotation (X)	 Rotation (Y)	 Rotation (Z)	 Ang Veloc (X)	 Ang Veloc (Y)	 Ang Veloc (Z)	 Velocity (X)	 Velocity (Y)	 Velocity (Z)
-0.1802257	0.009716868	-0.04730296	298.9335	116.2269	343.6169	-0.0537212	0.01044631	0.0831526	-0.007984714	0.01922664	0.001987766
-0.1807131	0.01061702	-0.04710996	298.8152	116.8219	342.9957	-0.1194149	0.0258583	0.1591766	-0.01710749	0.03464012	0.005416122
-0.1810301	0.01131999	-0.04716206	298.6021	117.1764	342.609	-0.1196224	0.02320887	0.224427	-0.02078833	0.04458123	0.004082292
-0.1817206	0.01257432	-0.04702163	298.2774	117.5694	342.1056	-0.1145946	-0.000747779	0.327606	-0.03109391	0.06224907	0.005838913
-0.1825287	0.01421678	-0.04688466	297.2928	118.0133	341.5777	0.006888127	-0.01146204	0.6313945	-0.04204981	0.08447556	0.008348295
-0.1834625	0.01700163	-0.04680765	296.1161	119.214	340.3271	0.02822615	0.02260582	0.9948291	-0.05905478	0.1266148	0.007424587
-0.1851035	0.02033865	-0.04684007	294.6493	122.2716	337.2768	-0.1102539	0.1355678	1.503868	-0.08081825	0.1688562	0.006191411
-0.1866825	0.025599	-0.0472362	291.9335	126.6903	332.6821	-0.08007178	0.1777954	2.381072	-0.09491355	0.2444208	-0.000581021
-0.1881387	0.03191423	-0.04546273	290.68	128.0059	330.7224	0.05773388	-0.04693605	2.335212	-0.109476	0.3288072	0.0418916
-0.1900301	0.03531909	-0.04515481	288.338	126.238	332.76	0.8277179	-0.004045136	2.341257	-0.1262863	0.3266357	0.03498156
-0.1917258	0.03919625	-0.0454706	287.8474	131.2911	327.4823	0.2385578	0.03139457	2.281459	-0.1329769	0.3362273	0.02253881
-0.1936419	0.04263425	-0.04497933	286.8947	134.3037	324.2474	0.1463615	-0.005094141	2.242726	-0.1450108	0.3290909	0.02773101
-0.1952561	0.04631281	-0.04547882	285.9199	136.0594	322.6005	0.2462998	0.06834941	2.044602	-0.1437044	0.3185931	0.01529747
-0.1966443	0.05037081	-0.04519153	285.4567	139.2383	319.3044	0.06696661	0.06081653	1.904209	-0.1445062	0.3239091	0.01294243
-0.1986744	0.05479038	-0.04544353	284.6215	143.8283	314.6695	0.01621258	0.09417716	1.987342	-0.1526085	0.3323079	0.009669742
-0.2007197	0.05830026	-0.0450784	283.953	146.4781	312.0129	0.08481081	0.09797525	1.841192	-0.15955	0.3250372	0.01255787
-0.2023693	0.06139064	-0.04471076	283.4748	150.0027	308.3748	0.04234745	0.07225457	1.756667	-0.1575716	0.3093322	0.01682286
-0.2037601	0.06374538	-0.04443288	283.3778	152.3767	305.8666	-0.06849474	0.016102	1.49534	-0.1433711	0.2808668	0.01739263
-0.2054666	0.06704831	-0.04458153	283.2162	155.513	302.4643	-0.1243436	-0.06216201	1.406095	-0.1445067	0.274802	0.01928974
-0.2064101	0.06919861	-0.04411805	282.4348	158.5917	299.3591	0.09052262	-0.02781631	1.410776	-0.1302161	0.2473713	0.02450215
-0.2077257	0.07071507	-0.04388547	282.372	159.3081	298.5476	0.06197996	-0.06295969	1.091638	-0.1166987	0.2119728	0.02172066
-0.2087903	0.07269943	-0.04337335	282.2896	161.1264	296.5884	0.03020886	-0.08152736	0.9643674	-0.1081828	0.193203	0.02564796
-0.208768	0.07332695	-0.04297531	282.0331	161.9741	295.6981	0.09692553	-0.07067879	0.7966042	-0.07889847	0.1511283	0.02666777
-0.2096875	0.07406843	-0.04264462	281.8799	162.896	294.6968	0.1106949	-0.08296829	0.6639993	-0.06928737	0.1230209	0.02590863
-0.2092073	0.07330251	-0.04250598	281.8709	162.421	295.0894	0.09669133	-0.09751683	0.4430096	-0.03738955	0.06932279	0.02315194
-0.207897	0.07171679	-0.04236567	282.3652	159.8699	297.4156	-0.0758778	-0.1946781	0.0309469	0.008982756	0.004948067	0.01895043
-0.2074467	0.07077241	-0.04210615	282.4634	159.0052	298.1166	-0.07432274	-0.2301009	-0.07552813	0.02639987	-0.02529783	0.01862554
-0.2059847	0.06851375	-0.041816	282.765	156.3842	300.6258	-0.0947002	-0.2450907	-0.355722	0.05787851	-0.07876704	0.01437367
-0.204843	0.06620479	-0.04193366	283.245	154.086	302.7943	-0.1670165	-0.2584171	-0.5428206	0.07328215	-0.1136457	0.00856011
-0.20319	0.06221998	-0.04176176	283.5739	150.9229	305.8923	-0.1055783	-0.2559239	-0.7485636	0.09883079	-0.1787251	0.003499457
-0.2008413	0.05690753	-0.04195535	283.8612	145.528	311.361	0.1126382	-0.2153959	-1.090733	0.1326418	-0.2678153	-0.006988303
-0.1973083	0.04997623	-0.04306066	284.7317	139.7231	317.4814	0.167682	-0.0927156	-1.558229	0.1890913	-0.3696359	-0.03406995
-0.1940126	0.04529953	-0.04490745	288.152	139.8203	317.5759	-0.9932525	-0.02766787	-2.101716	0.2253335	-0.3858842	-0.07384864
-0.191721	0.03927851	-0.0445385	292.0027	140.3101	315.7364	-2.094204	-0.5482855	-2.375051	0.2173859	-0.4218291	-0.05442077
-0.1893034	0.03332162	-0.04485834	293.0041	138.2937	317.8765	-1.693544	-0.4224738	-2.306132	0.2204039	-0.4485205	-0.04044523
-0.1864461	0.02559912	-0.04533947	294.8968	130.951	325.4228	-0.9692529	-0.450798	-3.104969	0.2339557	-0.5115783	-0.04295284
-0.184125	0.01774621	-0.04513526	298.1951	129.5519	326.5823	-1.363661	-0.4896283	-3.466564	0.2228669	-0.5468464	-0.04382553
-0.1845829	0.01483285	-0.04723382	300.8575	130.371	326.2261	-1.793582	-0.1769225	-3.342672	0.1526036	-0.4580998	-0.07755779
-0.1864581	0.0166465	-0.04918575	300.0887	131.6141	325.7662	-1.172128	0.2166202	-2.119998	0.0506615	-0.2801659	-0.1044871
-0.1868274	0.01563323	-0.05039382	298.1464	130.6361	327.5076	-0.09625837	0.4236456	-1.143646	0.02256677	-0.2022272	-0.1119245
-0.1874933	0.01884508	-0.04650056	296.8308	128.1892	328.5971	0.4566405	-0.2589599	-0.5296679	0.001221176	-0.07473372	0.01745186
-0.1847106	0.01558852	-0.04293072	295.838	126.3286	330.6378	0.9273222	-0.2259468	-0.2436591	0.03717256	-0.1151485	0.08979502
-0.1827505	0.01199639	-0.04337227	296.9981	122.1294	335.3262	1.141929	-0.1931025	-1.045905	0.07195327	-0.1552124	0.07398311
-0.1822067	0.009566426	-0.04396033	298.3419	121.0696	336.3213	0.713406	-0.2103947	-1.33149	0.0651656	-0.1702074	0.0369083
-0.1810354	0.008807659	-0.04390275	298.961	122.1916	335.5116	0.2401012	-0.002599657	-1.156323	0.07129901	-0.1426909	0.02971423
-0.1809814	0.008510947	-0.04394746	299.5036	120.295	337.5623	0.4149	-0.02754085	-1.237333	0.05605217	-0.129376	0.04185238
-0.1800399	0.007671237	-0.04297483	299.5624	118.7178	339.4639	0.6291182	0.0203685	-1.127956	0.05908167	-0.1205591	0.05225461
-0.1799182	0.007996917	-0.04325247	299.9406	116.6809	341.6565	0.8172106	-0.03879831	-1.178733	0.0471353	-0.09833074	0.04248387
-0.1799531	0.007792711	-0.04277515	299.5829	116.2771	342.2838	0.7814758	0.03397796	-0.7852212	0.03312257	-0.07971391	0.03731116
-0.1795024	0.00803864	-0.04262054	299.1119	116.0033	342.6674	0.7247619	0.05546527	-0.4235664	0.02919674	-0.05683375	0.0265026
-0.1794178	0.007787824	-0.04261601	299.0918	115.8951	342.8692	0.5699766	0.06963213	-0.3111704	0.02473259	-0.0483081	0.01785234
-0.1795534	0.008595943	-0.042786	299.2024	116.0163	342.769	0.3827018	0.06583609	-0.2454161	0.01723726	-0.03140865	0.01024719
-0.1793094	0.008762002	-0.04281867	299.1597	115.9193	342.8578	0.2935598	0.04475844	-0.1697012	0.01447469	-0.02319942	0.00341163
-0.1790424	0.008601785	-0.04299915	299.1935	116.1078	342.6644	0.1706097	0.03825347	-0.117092	0.01358378	-0.02029895	-0.002349785
-0.1790497	0.008600116	-0.04262841	299.27	115.9813	342.8088	0.1245978	0.02807754	-0.1229251	0.01084852	-0.01733663	-0.000350635
-0.1789651	0.008594394	-0.04270017	299.2956	115.9644	342.7968	0.07884447	0.01221245	-0.1016727	0.008565973	-0.01393193	-0.002948491
